Training data

Training 0 positive

Metrics:
Precision: 0.124
Recall: 0.117202
F1: 0.120505
Accuracy: 0.124
Files: 1000
PK = 0.01, PN = 1.11, IG ratio : 0.25

Training 1 negative

Metrics:
Precision: 0.066
Recall: 0.0700637
F1: 0.0679712
Accuracy: 0.066
Files: 1000
PK = 0.01, PN = 1.11, IG ratio : 0.25